#QPS	Avg	50th	90th	95th	99th and confidence
9991.912017254363	159.335	145.631 145.209 146.134 	219.969 216.839 223.373 	265.012 262.266 266.992 	319.65 314.783 324.115 
20030.65947878886	151.036	137.873 137.736 138.012 	210.32 208.519 211.973 	239.518 237.625 242.034 	314.479 309.42 320 
30020.605592009277	151.834	135.779 135.629 135.927 	225.952 223.737 228.053 	268.99 265.563 272.551 	368.258 359.254 378.604 
39973.650559925605	165.673	130.268 128.244 132.108 	270.894 267.624 274.179 	326.684 322.654 331.162 	455.742 447.584 465.129 
50253.42539267103	203.073	162.629 160.799 164.781 	358.002 353.733 363.429 	443.633 437.796 451.851 	654.033 640.826 680.103 
59903.60997605749	289.69	211.514 209.961 213.49 	570.943 563.443 579.741 	760.093 746.929 774.952 	1178.048 1153.548 1204.612 
68940.26512537958	46892.954	337.819 333.385 342.035 	187674.589 173401.989 202783.608 	400027.314 389811.372 412369.535 	656808.64 645277.758 670375.767 
76213.10390205172	176159.957	15902.382 15326.622 16602.179 	483648.605 450931.199 519173.483 	1.201880009e+06 1.161054316e+06 1.241696443e+06 	1.859029614e+06 1.831350202e+06 1.893949157e+06 
78683.78540940338	568868.987	334203.023 326768.12 342744.412 	1.414543249e+06 1.373566242e+06 1.461453632e+06 	2.357557365e+06 2.28886106e+06 2.425542405e+06 	3.403987892e+06 3.370645496e+06 3.443370103e+06 
79058.03532367536	1.271448253e+06	1.087649407e+06 1.068898353e+06 1.106374353e+06 	2.615538637e+06 2.591494637e+06 2.641388379e+06 	3.084772987e+06 3.051066229e+06 3.121743334e+06 	3.937282224e+06 3.909884763e+06 3.967020053e+06 
79096.7316143935	1.466072862e+06	1.657186258e+06 1.621078414e+06 1.693234535e+06 	3.201742672e+06 3.184951489e+06 3.218882722e+06 	3.464473661e+06 3.446554921e+06 3.48403694e+06 	3.982710973e+06 3.952050741e+06 4.019399859e+06 
