#QPS	Avg	50th	90th	95th	99th and confidence
9991.906076082885	123.774	114.258 114.218 114.296 	145.603 142.567 148.86 	184.884 182.822 187.295 	217.468 216.493 218.701 
19933.746258821084	133.419	114.539 114.505 114.568 	185.31 183.85 186.769 	205.547 204.449 206.645 	226.449 223.262 236.481 
30025.401324324772	143.173	115.168 115.124 115.211 	199.673 198.643 200.762 	213.537 212.844 214.337 	273.504 265.27 284.269 
40164.4837907369	156.106	125.643 124.243 126.769 	209.787 209.095 210.635 	220.369 219.748 221.056 	323.479 317.736 359.514 
49783.70562365378	167.369	148.38 147.334 149.436 	217.691 217.076 218.41 	252.212 247.666 257.645 	392.373 370.603 421.453 
59894.97746421974	225.066	173.844 172.782 174.788 	302.645 299.642 305.787 	387.506 377.36 397.757 	1738.005 1606.884 1866.693 
70053.95149898237	695.813	300.018 296.829 303.182 	1511.105 1461.744 1567.35 	2808.597 2714.283 2905.473 	6485.898 6230.412 6779.772 
78154.60827949365	87444.057	56643.928 55714.596 57522.307 	202175.93 199160.777 205648.811 	271359.249 265363.051 277250.744 	497241.453 482066.814 513485.545 
78479.43930186723	457819.799	379813.14 374496.356 385247.827 	969124.756 958682.555 980342.068 	1.145934177e+06 1.134435784e+06 1.158509069e+06 	1.430639559e+06 1.414279759e+06 1.452408169e+06 
78483.41004746844	1.096973074e+06	967230.848 954306.908 979961.47 	2.20619915e+06 2.188104792e+06 2.224760837e+06 	2.531591084e+06 2.508370712e+06 2.555593232e+06 	3.003931161e+06 2.978648038e+06 3.031646986e+06 
78548.09372053234	1.311144481e+06	1.258145126e+06 1.239807627e+06 1.277506592e+06 	2.833366065e+06 2.804081207e+06 2.865221697e+06 	3.461502745e+06 3.410580292e+06 3.517359328e+06 	5.068385549e+06 4.984277062e+06 5.160398175e+06 
