#QPS	Avg	50th	90th	95th	99th and confidence
9996.710674122472	123.319	114.194 114.152 114.231 	142.088 139.143 145.309 	182.553 180.183 185.087 	214.849 213.857 215.88 
20011.647367511196	133.683	114.564 114.531 114.601 	183.528 182.011 185.1 	203.665 202.687 204.7 	221.344 220.333 227.832 
29927.291236048986	143.347	115.297 115.252 115.345 	198.652 197.779 199.606 	211.67 211.028 212.426 	267.64 256.767 275.586 
39919.09234632196	154.949	124.478 123.199 125.777 	206.734 206.057 207.515 	216.969 216.458 217.512 	316.034 305.95 358.45 
50009.16633056788	170.304	147.527 146.415 148.583 	215.355 214.773 216.032 	240.922 236.891 246.187 	520.483 431.251 723.735 
59702.049733042055	220.216	170.549 169.645 171.51 	279.266 275.637 283.056 	356.28 345.682 368.525 	1782.115 1639.974 1928.597 
70143.80815623971	828.204	302.034 298.687 305.706 	1996.281 1932.019 2067.681 	3491.001 3396.703 3617.416 	8273.574 7962.871 8708.695 
77573.6297756983	104440.81	64048.897 62824.658 65170.007 	255710.867 250821.016 260242.051 	346605.465 338955.451 353893.005 	581974.749 565757.805 596687.909 
78428.98048425135	472616.947	383830.61 377055.868 390062.158 	1.025328497e+06 1.014840358e+06 1.036756288e+06 	1.231709151e+06 1.215199707e+06 1.250333594e+06 	1.710775901e+06 1.680782128e+06 1.746111393e+06 
78504.37010360153	1.171745588e+06	1.021965683e+06 1.007072313e+06 1.037550918e+06 	2.388471861e+06 2.36873533e+06 2.408582469e+06 	2.734883781e+06 2.709381633e+06 2.761620902e+06 	3.337513771e+06 3.308141075e+06 3.374092669e+06 
78607.05223554117	1.320798899e+06	1.105000891e+06 1.051910247e+06 1.153436143e+06 	3.334422054e+06 3.303702998e+06 3.364858678e+06 	3.786322316e+06 3.759759593e+06 3.814946836e+06 	4.47482571e+06 4.430558559e+06 4.525959808e+06 
